0 0.078125 0.484375 0.125 0.16666666666666666
0 0.1796875 0.4401041666666667 0.09895833333333333 0.15104166666666666
0 0.16666666666666666 0.6015625 0.14583333333333334 0.15104166666666666
0 0.078125 0.7135416666666666 0.14583333333333334 0.19270833333333334
0 0.21354166666666666 0.7890625 0.16666666666666666 0.20833333333333334
0 0.3723958333333333 0.828125 0.18229166666666666 0.24479166666666666
0 0.3385416666666667 0.4817708333333333 0.1875 0.19270833333333334
0 0.4479166666666667 0.3177083333333333 0.21354166666666666 0.22395833333333334
0 0.6328125 0.4427083333333333 0.203125 0.21875
0 0.6276041666666666 0.2682291666666667 0.16666666666666666 0.16666666666666666
0 0.4479166666666667 0.1953125 0.14583333333333334 0.16666666666666666
0 0.5625 0.7890625 0.18229166666666666 0.15625
0 0.46875 0.9270833333333334 0.21875 0.125
0 0.796875 0.6171875 0.171875 0.18229166666666666
0 0.7395833333333334 0.78125 0.203125 0.203125
0 0.6822916666666666 0.9140625 0.171875 0.13020833333333334
0 0.9296875 0.6328125 0.13020833333333334 0.23958333333333334
0 0.921875 0.8229166666666666 0.15104166666666666 0.171875