0 0.3541666666666667 0.2604166666666667 0.234375 0.2760416666666667
0 0.16666666666666666 0.5052083333333334 0.265625 0.2760416666666667
0 0.3463541666666667 0.6510416666666666 0.21875 0.296875
0 0.4765625 0.4166666666666667 0.22916666666666666 0.2604166666666667
0 0.6458333333333334 0.140625 0.25 0.2604166666666667
0 0.1875 0.9166666666666666 0.19270833333333334 0.14583333333333334
0 0.5494791666666666 0.7708333333333334 0.20833333333333334 0.2760416666666667
0 0.71875 0.5494791666666666 0.15625 0.22395833333333334
0 0.8359375 0.421875 0.13541666666666666 0.20833333333333334
0 0.828125 0.7890625 0.17708333333333334 0.25
0 0.8619791666666666 0.6536458333333334 0.16666666666666666 0.21354166666666666
0 0.8802083333333334 0.15364583333333334 0.15625 0.22916666666666666