0 0.23697916666666666 0.6744791666666666 0.4583333333333333 0.3020833333333333
0 0.3723958333333333 0.8958333333333334 0.4166666666666667 0.203125
0 0.6901041666666666 0.7942708333333334 0.4375 0.3072916666666667
0 0.6197916666666666 0.5677083333333334 0.40625 0.25
0 0.265625 0.4661458333333333 0.3645833333333333 0.234375
0 0.375 0.3072916666666667 0.34375 0.265625
0 0.1875 0.18229166666666666 0.3385416666666667 0.20833333333333334
0 0.5546875 0.1953125 0.328125 0.20833333333333334
0 0.7369791666666666 0.4114583333333333 0.3489583333333333 0.3072916666666667
0 0.8567708333333334 0.2916666666666667 0.2552083333333333 0.22916666666666666
0 0.6171875 0.1015625 0.296875 0.19791666666666666
0 0.8854166666666666 0.12760416666666666 0.22395833333333334 0.17708333333333334