0 0.17708333333333334 0.3203125 0.22395833333333334 0.2552083333333333
0 0.22395833333333334 0.578125 0.23958333333333334 0.23958333333333334
0 0.4114583333333333 0.734375 0.203125 0.24479166666666666
0 0.1171875 0.7942708333333334 0.20833333333333334 0.234375
0 0.6432291666666666 0.4010416666666667 0.19791666666666666 0.22916666666666666
0 0.5494791666666666 0.22395833333333334 0.203125 0.22916666666666666
0 0.1953125 0.09114583333333333 0.203125 0.17708333333333334
0 0.8229166666666666 0.5260416666666666 0.21875 0.2760416666666667
0 0.6770833333333334 0.7317708333333334 0.203125 0.22916666666666666
0 0.8932291666666666 0.7734375 0.19791666666666666 0.2708333333333333
0 0.7864583333333334 0.21614583333333334 0.23958333333333334 0.2552083333333333
0 0.4296875 0.4817708333333333 0.21875 0.2552083333333333