0 0.13541666666666666 0.5625 0.21354166666666666 0.25
0 0.1328125 0.8177083333333334 0.1875 0.20833333333333334
0 0.3203125 0.7473958333333334 0.21354166666666666 0.24479166666666666
0 0.3567708333333333 0.3932291666666667 0.21875 0.2604166666666667
0 0.28125 0.23697916666666666 0.20833333333333334 0.3072916666666667
0 0.6145833333333334 0.8072916666666666 0.22395833333333334 0.20833333333333334
0 0.8958333333333334 0.6848958333333334 0.203125 0.24479166666666666
0 0.8020833333333334 0.421875 0.21354166666666666 0.25
0 0.8567708333333334 0.16927083333333334 0.1875 0.22395833333333334
0 0.671875 0.1953125 0.203125 0.2552083333333333
0 0.4895833333333333 0.140625 0.22916666666666666 0.25
0 0.578125 0.3541666666666667 0.203125 0.265625