0 0.1171875 0.22135416666666666 0.20833333333333334 0.28125
0 0.3802083333333333 0.2942708333333333 0.20833333333333334 0.3072916666666667
0 0.11197916666666667 0.5625 0.203125 0.2864583333333333
0 0.2916666666666667 0.6015625 0.22916666666666666 0.296875
0 0.19270833333333334 0.8307291666666666 0.19791666666666666 0.265625
0 0.4557291666666667 0.5182291666666666 0.1875 0.23958333333333334
0 0.5208333333333334 0.7395833333333334 0.203125 0.2760416666666667
0 0.75 0.6510416666666666 0.21875 0.3385416666666667
0 0.5859375 0.3854166666666667 0.203125 0.3125
0 0.3776041666666667 0.84375 0.203125 0.234375
0 0.6588541666666666 0.16145833333333334 0.19270833333333334 0.2916666666666667
0 0.8958333333333334 0.4583333333333333 0.17708333333333334 0.3489583333333333
0 0.8515625 0.234375 0.203125 0.2552083333333333