0 0.265625 0.4817708333333333 0.203125 0.3958333333333333
0 0.3255208333333333 0.8203125 0.234375 0.22395833333333334
0 0.10677083333333333 0.7708333333333334 0.16666666666666666 0.2864583333333333
0 0.1328125 0.16666666666666666 0.15104166666666666 0.19791666666666666
0 0.3255208333333333 0.18229166666666666 0.19270833333333334 0.22916666666666666
0 0.6171875 0.16666666666666666 0.20833333333333334 0.25
0 0.4739583333333333 0.1796875 0.15104166666666666 0.1875
0 0.8333333333333334 0.3984375 0.265625 0.453125
0 0.6536458333333334 0.6770833333333334 0.19791666666666666 0.3385416666666667
0 0.8359375 0.796875 0.1875 0.2604166666666667
0 0.5703125 0.8619791666666666 0.19270833333333334 0.11979166666666667
0 0.515625 0.515625 0.2760416666666667 0.5260416666666666