0 0.19010416666666666 0.7265625 0.21875 0.19270833333333334
0 0.3255208333333333 0.4713541666666667 0.17708333333333334 0.14583333333333334
0 0.4817708333333333 0.4348958333333333 0.16145833333333334 0.14583333333333334
0 0.6171875 0.5130208333333334 0.171875 0.15625
0 0.08072916666666667 0.4583333333333333 0.15104166666666666 0.09895833333333333
0 0.25 0.3802083333333333 0.10416666666666667 0.11458333333333333
0 0.6536458333333334 0.3802083333333333 0.16145833333333334 0.09375
0 0.734375 0.2994791666666667 0.15625 0.125
0 0.4192708333333333 0.3255208333333333 0.18229166666666666 0.125
0 0.265625 0.2526041666666667 0.15625 0.09895833333333333
0 0.328125 0.6145833333333334 0.14583333333333334 0.125