0 0.11458333333333333 0.5859375 0.21354166666666666 0.18229166666666666
0 0.22135416666666666 0.7395833333333334 0.2604166666666667 0.21354166666666666
0 0.10416666666666667 0.9088541666666666 0.19270833333333334 0.171875
0 0.3697916666666667 0.890625 0.2916666666666667 0.19791666666666666
0 0.5104166666666666 0.7604166666666666 0.2552083333333333 0.234375
0 0.6510416666666666 0.9088541666666666 0.265625 0.171875
0 0.7734375 0.7578125 0.25 0.21875
0 0.8880208333333334 0.8802083333333334 0.21875 0.19791666666666666
0 0.2578125 0.4114583333333333 0.24479166666666666 0.19270833333333334
0 0.3828125 0.5520833333333334 0.23958333333333334 0.14583333333333334
0 0.8802083333333334 0.5598958333333334 0.22395833333333334 0.18229166666666666
0 0.13541666666666666 0.3046875 0.23958333333333334 0.1875
0 0.3697916666666667 0.3020833333333333 0.20833333333333334 0.15104166666666666
0 0.4947916666666667 0.3880208333333333 0.234375 0.15104166666666666
0 0.734375 0.3828125 0.2604166666666667 0.16145833333333334
0 0.8463541666666666 0.2838541666666667 0.234375 0.16666666666666666
0 0.6145833333333334 0.28125 0.21354166666666666 0.13020833333333334
0 0.265625 0.171875 0.22395833333333334 0.15104166666666666
0 0.4869791666666667 0.15104166666666666 0.22395833333333334 0.171875
0 0.7083333333333334 0.15104166666666666 0.20833333333333334 0.11979166666666667
0 0.9140625 0.15364583333333334 0.16145833333333334 0.125
0 0.17708333333333334 0.059895833333333336 0.203125 0.09895833333333333
0 0.3958333333333333 0.059895833333333336 0.19791666666666666 0.109375
0 0.609375 0.057291666666666664 0.19270833333333334 0.09375
0 0.8151041666666666 0.046875 0.203125 0.08333333333333333
0 0.6197916666666666 0.5572916666666666 0.24479166666666666 0.19791666666666666