0 0.23958333333333334 0.5104166666666666 0.203125 0.2708333333333333
0 0.3932291666666667 0.3515625 0.18229166666666666 0.2552083333333333
0 0.15625 0.7786458333333334 0.22916666666666666 0.265625
0 0.375 0.7369791666666666 0.21354166666666666 0.234375
0 0.4661458333333333 0.6145833333333334 0.18229166666666666 0.21354166666666666
0 0.2786458333333333 0.19010416666666666 0.23958333333333334 0.2604166666666667
0 0.08854166666666667 0.20052083333333334 0.15625 0.25
0 0.6666666666666666 0.22395833333333334 0.15625 0.21875
0 0.5052083333333334 0.1640625 0.16666666666666666 0.21875
0 0.8385416666666666 0.2109375 0.18229166666666666 0.2708333333333333
0 0.84375 0.4947916666666667 0.21875 0.25
0 0.6276041666666666 0.7734375 0.17708333333333334 0.22395833333333334
0 0.4661458333333333 0.875 0.22916666666666666 0.20833333333333334
0 0.8984375 0.8125 0.17708333333333334 0.2760416666666667
0 0.5703125 0.4088541666666667 0.17708333333333334 0.28125